Welcome to DrJava.  Working directory is /Users/devint1/Documents/School/Intro to Computer Programming I/project1
> run Tables
Project 1 Written by Devin Tuchsen

Please enter the range of the conversion table to be printed (in kilograms):
Start:  [DrJava Input Box]
End:  [DrJava Input Box]
Conversion from Kilograms to Pounds
===================================

 Kilograms | Pounds
        13 | 28.660094
        14 | 30.864717
        15 | 33.069339
        16 | 35.273962
        17 | 37.478585
        18 | 39.683207
        19 | 41.887830
        20 | 44.092452
        21 | 46.297075
        22 | 48.501698
        23 | 50.706320
        24 | 52.910943
        25 | 55.115566
        26 | 57.320188
        27 | 59.524811
        28 | 61.729433
        29 | 63.934056
        30 | 66.138679
        31 | 68.343301
        32 | 70.547924
        33 | 72.752547
        34 | 74.957169
        35 | 77.161792
        36 | 79.366414
        37 | 81.571037
        38 | 83.775660
        39 | 85.980282
        40 | 88.184905
        41 | 90.389527
        42 | 92.594150

Conversion from Feet and Inches to Meters
=========================================

	Inches
Feet	0	1	2	3	4	5	6	7	8	9	10	11
0	0.0000	0.0254	0.0508	0.0762	0.1016	0.1270	0.1524	0.1778	0.2032	0.2286	0.2540	0.2794
1	0.3048	0.3302	0.3556	0.3810	0.4064	0.4318	0.4572	0.4826	0.5080	0.5334	0.5588	0.5842
2	0.6096	0.6350	0.6604	0.6858	0.7112	0.7366	0.7620	0.7874	0.8128	0.8382	0.8636	0.8890
3	0.9144	0.9398	0.9652	0.9906	1.0160	1.0414	1.0668	1.0922	1.1176	1.1430	1.1684	1.1938
4	1.2192	1.2446	1.2700	1.2954	1.3208	1.3462	1.3716	1.3970	1.4224	1.4478	1.4732	1.4986
5	1.5240	1.5494	1.5748	1.6002	1.6256	1.6510	1.6764	1.7018	1.7272	1.7526	1.7780	1.8034
6	1.8288	1.8542	1.8796	1.9050	1.9304	1.9558	1.9812	2.0066	2.0320	2.0574	2.0828	2.1082
7	2.1336	2.1590	2.1844	2.2098	2.2352	2.2606	2.2860	2.3114	2.3368	2.3622	2.3876	2.4130
8	2.4384	2.4638	2.4892	2.5146	2.5400	2.5654	2.5908	2.6162	2.6416	2.6670	2.6924	2.7178
9	2.7432	2.7686	2.7940	2.8194	2.8448	2.8702	2.8956	2.9210	2.9464	2.9718	2.9972	3.0226
> 